23	24	crefra_Pavag01G193600_scaf_202_23773-24082	crefra_Pavag01G193600_scaf_251_15084-15393	104	103	1	1	0	0	0	78.3333333333333	230.666666666667	0	0	NA	0	0	NA
30	31	crefra_Pavag01G193700_scaf_202_23093-23397	crefra_Pavag01G193700_scaf_251_15769-16073	100	98	2	2	0	0	0	70	224	0	0	NA	0	0	NA
31	32	crefra_Pavag01G193800_scaf_202_21333-21926	crefra_Pavag01G193800_scaf_251_17240-17833	198	196	2	2	0	0	0	146	442	0	0	NA	0	0	NA
29	30	crefra_Pavag01G193900_scaf_202_20418-21135	crefra_Pavag01G193900_scaf_251_18031-18748	166	164	2	2	0	0	0	117.333333333333	374.666666666667	0	0	NA	0	0	NA
48	49	crefra_Pavag05G000600_scaf_18_39326-42092	crefra_Pavag05G000600_scaf_9_38514903-38517469	355	351	4	4	0	6	2	222.333333333333	830.666666666667	0.0269865067466267	0.00240770465489567	0.0892188336008561	0.0274839912585033	0.00241157764048077	0.0877448117996562
50	51	crefra_Pavag05G000700_scaf_18_42939-44658	crefra_Pavag05G000700_scaf_9_38511361-38513772	292	290	2	2	0	19.5	19.5	147.833333333333	722.166666666667	0.131905298759865	0.0270020770828525	0.204708054465728	0.145073641919851	0.0275001429320505	0.189559885366658
34	35	crefra_Pavag05G000800_scaf_18_65799-67375	crefra_Pavag05G000800_scaf_9_38497313-38498902	613	593	20	20	0	25	17	365.333333333333	1413.66666666667	0.0684306569343066	0.0120254656920538	0.175732138646546	0.071756407442522	0.0121229166622786	0.168945423751729
45	46	crefra_Pavag05G001000_scaf_9_38477111-38477928	crefra_Pavag05G001000_scaf_18_154593-155442	217	202	15	15	0	11	12	126.166666666667	479.833333333333	0.0871862615587847	0.0250086835706843	0.286842022166788	0.0926843949819152	0.0254351468147138	0.274427500116678
76	77	crefra_Pavag05G001300_scaf_18_230836-234677	crefra_Pavag05G001300_scaf_9_38390119-38392964	257	253	4	4	0	6	2	174.166666666667	584.833333333333	0.0344497607655502	0.00341977771444856	0.0992685475444096	0.0352660458278048	0.00342759808228734	0.0971925828890324
20	21	crefra_Pavag05G001500_scaf_9_38383572-38384121	crefra_Pavag05G001500_scaf_18_293062-293777	249	245	4	4	0	7	7	132.833333333333	602.166666666667	0.0526976160602259	0.0116246886244118	0.220592305563244	0.0546405401205961	0.0117157193993887	0.214414414160826
46	47	crefra_Pavag05G002500_scaf_18_754857-755678	crefra_Pavag05G002500_scaf_9_38288700-38289518	300	296	4	4	0	23	7	219.833333333333	668.166666666667	0.104624715693707	0.0104764280369169	0.100133395512271	0.112680917101359	0.010550287009366	0.0936297580882826
54	55	crefra_Pavag05G002600_scaf_18_755880-758910	crefra_Pavag05G002600_scaf_9_38285017-38288498	801	793	8	8	0	53.5	75.5	532	1847	0.100563909774436	0.0408770979967515	0.406478806248071	0.107976580261604	0.0420332620943474	0.389281286668922
65	66	crefra_Pavag05G002900_scaf_18_1366667-1368707	crefra_Pavag05G002900_scaf_9_38228025-38230060	288	284	4	4	0	12	6	207	645	0.0579710144927536	0.00930232558139535	0.16046511627907	0.0603340239140544	0.00936049591770686	0.155144565378912
31	32	crefra_Pavag05G003000_scaf_18_1377144-1379975	crefra_Pavag05G003000_scaf_9_38205559-38226206	633	615	18	18	0	57.8333333333333	50.1666666666667	344.5	1500.5	0.167876149008224	0.0334333000111074	0.199154556550314	0.190042484285076	0.0342014041453192	0.179967149313912
65	66	crefra_Pavag05G004000_scaf_18_1489040-1490600	crefra_Pavag05G004000_scaf_9_38158887-38160423	372	347	25	25	0	18	29	213.666666666667	827.333333333333	0.0842433697347894	0.0350523771152297	0.416084698719671	0.0893617670957543	0.0358979409196653	0.401714761092396
72	73	crefra_Pavag05G004100_scaf_9_38145583-38148610	crefra_Pavag05G004100_scaf_18_1500972-1503656	527	519	8	8	0	39	26	378.833333333333	1178.16666666667	0.102947646282446	0.0220681850332437	0.214363181968218	0.110734498242148	0.0223993676100474	0.202279939545721
76	77	crefra_Pavag05G004700_scaf_18_1525785-1527957	crefra_Pavag05G004700_scaf_9_37995920-37998025	260	253	7	7	0	2	29	171	588	0.0116959064327485	0.0493197278911565	4.21683673469388	0.0117880619215573	0.0510161445729897	4.32778050475749
41	42	crefra_Pavag05G004900_scaf_9_37987934-37988653	crefra_Pavag05G004900_scaf_18_1557464-1558167	205	190	15	15	0	18.5	19.5	123.166666666667	446.833333333333	0.15020297699594	0.0436404326743752	0.290543060778048	0.167611427656578	0.0449615973948743	0.268248997240194
56	57	crefra_Pavag05G005500_scaf_9_37435122-37439112	crefra_Pavag05G005500_scaf_18_1640651-1644648	588	584	4	4	0	21	4	404.333333333333	1347.66666666667	0.0519373454245672	0.00296809300024734	0.0571475684015877	0.053823258595791	0.00297398159198755	0.05525458081834
73	74	crefra_Pavag05G005600_scaf_18_1645986-1646769	crefra_Pavag05G005600_scaf_9_37432897-37433667	72	70	2	2	0	3	3	43.1666666666667	166.833333333333	0.0694980694980695	0.017982017982018	0.258741258741259	0.0729319106665341	0.0182010954543284	0.24956284962215
60	61	crefra_Pavag05G005800_scaf_18_1653287-1656162	crefra_Pavag05G005800_scaf_9_37425348-37427922	116	114	2	2	0	11	8	86	256	0.127906976744186	0.03125	0.244318181818182	0.140237677424824	0.0319197108140969	0.227611519245302
40	41	crefra_Pavag05G007600_scaf_18_2056497-2059449	crefra_Pavag05G007600_scaf_9_37277382-37280238	293	284	9	9	0	40	25	218.333333333333	633.666666666667	0.183206106870229	0.0394529195160442	0.215347185691741	0.210058104799921	0.0405284979843548	0.192939463216417
71	72	crefra_Pavag05G007700_scaf_18_2077635-2081313	crefra_Pavag05G007700_scaf_9_37245061-37248462	683	677	6	6	0	74	69	486.833333333333	1544.16666666667	0.152002738788086	0.0446842957366433	0.293970332988142	0.16986527437755	0.04607077236613	0.271219485765708
60	61	crefra_Pavag05G007800_scaf_18_2082594-2085601	crefra_Pavag05G007800_scaf_9_37200854-37208871	472	456	16	16	0	66	35	303.333333333333	1064.66666666667	0.217582417582418	0.032874139010645	0.151088214644883	0.25698382179622	0.033616382247285	0.130811278361101
41	42	crefra_Pavag05G009500_scaf_9_37180218-37181846	crefra_Pavag05G009500_scaf_18_2404679-2406362	316	309	7	7	0	9.5	77.5	172.333333333333	754.666666666667	0.0551257253384913	0.102694346289753	1.86291147480007	0.0572567078231354	0.110440955040259	1.92887365060193
80	81	crefra_Pavag05G031600_scaf_18_3984559-3987920	crefra_Pavag05G031600_scaf_9_33271543-33275096	441	440	1	1	0	94.5	27.5	287.833333333333	1032.16666666667	0.328314997104806	0.0266429840142096	0.0811506761773192	0.431860957391515	0.0271277311543162	0.0628158917587051
48	49	crefra_Pavag05G031800_scaf_9_33265528-33268447	crefra_Pavag05G031800_scaf_18_3979929-3983692	450	448	2	2	0	61.5	45.5	233.666666666667	1110.33333333333	0.263195435092725	0.0409786850795557	0.155696792632892	0.32415785106273	0.0421407128194912	0.130000592863433
72	73	crefra_Pavag05G033400_scaf_18_3893688-3896041	crefra_Pavag05G033400_scaf_9_32914097-32916313	541	538	3	3	0	99	63	357.833333333333	1256.16666666667	0.276665114112715	0.0501525806023617	0.181275404971836	0.345202548423735	0.0519081506515887	0.150370125853972
61	62	crefra_Pavag05G033800_scaf_18_3881374-3890614	crefra_Pavag05G033800_scaf_9_32906181-32910523	480	476	4	4	0	97.5	69.5	297.833333333333	1130.16666666667	0.327364297705652	0.0614953546674532	0.187849912462801	0.430171966830649	0.0641633560132003	0.149157455530942
61	62	crefra_Pavag05G037800_scaf_18_3504455-3510011	crefra_Pavag05G037800_scaf_9_32567313-32572480	1040	1034	6	6	0	228.166666666667	139.833333333333	703.666666666667	2398.33333333333	0.324253908100426	0.0583043780403058	0.179810872232411	0.424672549770962	0.0606954002517334	0.142922824384265
67	68	crefra_Pavag05G039500_scaf_9_32228366-32233219	crefra_Pavag05G039500_scaf_18_3260269-3265397	631	628	3	3	0	150	54	396.166666666667	1487.83333333333	0.378628523348759	0.036294387812255	0.0958575109219223	0.527152770074938	0.0372019778049973	0.0705715305255984
55	56	crefra_Pavag07G168900_alt-scaf_278_22494-25558	crefra_Pavag07G168900_scaf_14_33446278-33449341	195	195	0	0	0	0	0	126	459	0	0	NA	0	0	NA
55	56	crefra_Pavag07G169000_alt-scaf_278_17161-21915	crefra_Pavag07G169000_scaf_14_33440949-33445699	275	270	5	5	0	0	0	184	626	0	0	NA	0	0	NA
52	53	crefra_Pavag07G169100_alt-scaf_278_14680-15300	crefra_Pavag07G169100_scaf_14_33438467-33439087	206	201	5	5	0	0	0	130.666666666667	472.333333333333	0	0	NA	0	0	NA
71	72	crefra_Pavag08G109900_scaf_17_10079725-10080665	crefra_Pavag08G109900_scaf_15_16983310-16984234	242	238	4	4	0	7	4	157.333333333333	556.666666666667	0.0444915254237288	0.00718562874251497	0.161505560307955	0.045865817364998	0.00722027237037315	0.15742164394269
49	50	crefra_Pavag08G111000_scaf_15_17421990-17424294	crefra_Pavag08G111000_scaf_17_9973801-9978840	205	201	4	4	0	19	12	134.5	468.5	0.141263940520446	0.0256136606189968	0.181317755434477	0.156516324476023	0.0260612539038721	0.1665082156198
