35	36	ppanic_Pavag01G128500_ctg_16986_16607897-16610535	ppanic_Pavag01G128500_ctg_64743_80308878-80311522	748	744	4	4	0	20	4	524.666666666667	1707.33333333333	0.0381194409148666	0.00234283483014448	0.0614603670441234	0.0391222974634394	0.00234650171853106	0.0599786278074264
35	36	ppanic_Pavag01G128600_ctg_16986_16712460-16712946	ppanic_Pavag01G128600_ctg_64743_80456006-80456498	137	134	3	3	0	1	1	95.3333333333333	306.666666666667	0.0104895104895105	0.00326086956521739	0.310869565217391	0.0105635549113042	0.00326797902671678	0.309363566920039
31	32	ppanic_Pavag01G128800_ctg_16986_16772580-16775313	ppanic_Pavag01G128800_ctg_64743_80527225-80529958	841	821	20	20	0	5	5	537.666666666667	1925.33333333333	0.00929944203347799	0.00259695290858726	0.279259002770083	0.00935757616137025	0.00260145942405281	0.27800569070355
29	30	ppanic_Pavag01G129000_ctg_16986_16965038-16967303	ppanic_Pavag01G129000_ctg_64743_80570047-80572304	378	371	7	7	0	3.66666666666667	5.33333333333333	251.833333333333	861.166666666667	0.014559894109861	0.0061931488291078	0.425356721853722	0.0147030772446333	0.00621886053202115	0.422963195292406
35	36	ppanic_Pavag01G130100_ctg_16986_17215536-17216685	ppanic_Pavag01G130100_ctg_64743_80827595-80828744	384	382	2	2	0	3	4	257.166666666667	888.833333333333	0.0116655865197667	0.00450028126757922	0.38577411088193	0.0117572623255409	0.0045138372095971	0.383919069305058
44	45	ppanic_Pavag01G130400_ctg_16986_17237626-17238512	ppanic_Pavag01G130400_ctg_64743_80851363-80852253	364	355	9	9	0	3	0	178.333333333333	886.666666666667	0.0168224299065421	0	NA	0.0170139621233128	0	NA
30	31	ppanic_Pavag01G130600_ctg_16986_17242159-17244180	ppanic_Pavag01G130600_ctg_64743_80855917-80857934	275	274	1	1	0	2	0	194	628	0.0103092783505155	0	NA	0.0103807885589035	0	NA
33	34	ppanic_Pavag01G131100_ctg_16986_17260770-17261622	ppanic_Pavag01G131100_ctg_64743_80874406-80875264	216	215	1	1	0	1	1	167.666666666667	477.333333333333	0.00596421471172962	0.00209497206703911	0.351256983240224	0.0059880557611654	0.00209790346579594	0.350348017699095
36	37	ppanic_Pavag01G131200_ctg_16986_17265515-17271772	ppanic_Pavag01G131200_ctg_64743_80879157-80885434	381	380	1	1	0	0	1	260.333333333333	879.666666666667	0	0.00113679424024252	NA	0	0.001137656645896	NA
45	46	ppanic_Pavag01G131300_ctg_16986_17293475-17295549	ppanic_Pavag01G131300_ctg_64743_80889374-80891469	461	457	4	4	0	12	6	336	1035	0.0357142857142857	0.00579710144927536	0.16231884057971	0.036592623127074	0.00581962182818339	0.15903811563259
43	44	ppanic_Pavag01G131400_ctg_16986_17300124-17301401	ppanic_Pavag01G131400_ctg_64743_80895915-80897179	90	89	1	1	0	3	1	64.8333333333333	202.166666666667	0.0462724935732648	0.00494641384995878	0.106897499312998	0.047761492526966	0.00496279726447107	0.103907918322885
6	7	ppanic_Pavag01G132100_ctg_16986_17383957-17390971	ppanic_Pavag01G132100_ctg_64743_80990438-80993297	378	374	4	4	0	17.5	3.5	273.5	848.5	0.0639853747714808	0.00412492634060106	0.0644667059516794	0.0668806945924717	0.00413631144932011	0.0618461197887396
46	47	ppanic_Pavag01G132900_ctg_16986_17515131-17516310	ppanic_Pavag01G132900_ctg_64743_81121215-81122394	362	354	8	8	0	1	2	249	813	0.00401606425702811	0.002460024600246	0.612546125461255	0.00402685531129357	0.00246406792484766	0.611908731346026
46	47	ppanic_Pavag01G133000_ctg_16986_17527362-17531159	ppanic_Pavag01G133000_ctg_64743_81126873-81130677	501	500	1	1	0	0	1	350.666666666667	1149.33333333333	0	0.000870069605568446	NA	0	0.000870574676971707	NA
37	38	ppanic_Pavag01G133100_ctg_16986_17531886-17538049	ppanic_Pavag01G133100_ctg_64743_81131404-81137567	1413	1406	7	7	0	4	3	982.833333333333	3235.16666666667	0.0040698660335764	0.000927309257637422	0.227847612178662	0.00408094868469623	0.000927882998912916	0.227369435541429
33	34	ppanic_Pavag01G133300_ctg_16986_17629414-17629761	ppanic_Pavag01G133300_ctg_64743_81219794-81220141	116	115	1	1	0	1	0	75.6666666666667	269.333333333333	0.013215859030837	0	NA	0.013333684515963	0	NA
16	17	ppanic_Pavag01G134700_ctg_64743_81332117-81332745	ppanic_Pavag01G134700_ctg_16986_17718147-17718769	216	207	9	9	0	5	1	156.333333333333	464.666666666667	0.0319829424307036	0.00215208034433286	0.0672883787661406	0.0326849105280188	0.00215517389679886	0.0659378857699903
30	31	ppanic_Pavag01G134800_ctg_16986_17730590-17732491	ppanic_Pavag01G134800_ctg_64743_81350477-81352372	547	533	14	14	0	17.5	15.5	360.5	1238.5	0.0485436893203883	0.0125151392813888	0.257811869196609	0.050185941588985	0.0126207347746886	0.251479485590814
43	44	ppanic_Pavag01G134900_ctg_16986_17738628-17743639	ppanic_Pavag01G134900_ctg_64743_81358395-81363308	747	746	1	1	0	4	5	493.833333333333	1744.16666666667	0.00809989875126561	0.00286669851887243	0.353917821309126	0.00814395514700463	0.00287219115982342	0.352677674174055
44	45	ppanic_Pavag01G135000_ctg_16986_17751429-17754502	ppanic_Pavag01G135000_ctg_64743_81370861-81373931	558	557	1	1	0	1	0	366.666666666667	1304.33333333333	0.00272727272727273	0	NA	0.00273224345887582	0	NA
39	40	ppanic_Pavag01G135700_ctg_16986_17812864-17814078	ppanic_Pavag01G135700_ctg_64743_81438950-81440164	412	401	11	11	0	8	6	304.666666666667	898.333333333333	0.0262582056892779	0.00667903525046382	0.254359925788497	0.0267288865855191	0.00670895267485246	0.251000080133797
46	47	ppanic_Pavag01G135900_ctg_16986_17878506-17879912	ppanic_Pavag01G135900_ctg_64743_81508915-81510318	260	254	6	6	0	2	3	176.166666666667	585.833333333333	0.011352885525071	0.00512091038406828	0.451066856330014	0.0114396879414516	0.00513847285479694	0.449179460234902
46	47	ppanic_Pavag01G136900_ctg_16986_17950456-17953317	ppanic_Pavag01G136900_ctg_64743_81580025-81582843	345	343	2	2	0	2	2	249.666666666667	779.333333333333	0.00801068090787717	0.00256629597946963	0.320359281437126	0.00805376866584946	0.00257069660420061	0.319191761131802
41	42	ppanic_Pavag01G137000_ctg_16986_17954310-17956580	ppanic_Pavag01G137000_ctg_64743_81583839-81586399	206	201	5	5	0	2	0	143.666666666667	459.333333333333	0.0139211136890951	0	NA	0.0140519332931024	0	NA
42	43	ppanic_Pavag01G137200_ctg_16986_17983462-17987628	ppanic_Pavag01G137200_ctg_64743_81599923-81604025	675	667	8	8	0	2	6	456.333333333333	1544.66666666667	0.0043827611395179	0.00388433318946914	0.886275356063876	0.00439561697773713	0.00389442675122052	0.885979549843622
29	30	ppanic_Pavag01G137300_ctg_16986_17991068-17996700	ppanic_Pavag01G137300_ctg_64743_81607458-81610204	143	141	2	2	0	1	1	111	312	0.00900900900900901	0.00320512820512821	0.355769230769231	0.00906355441130391	0.00321199634400064	0.354385950394327
30	31	ppanic_Pavag01G137400_ctg_16986_17997776-17998246	ppanic_Pavag01G137400_ctg_64743_81611306-81611773	142	141	1	1	0	2	2	109.833333333333	313.166666666667	0.0182094081942337	0.00638637573177222	0.350718467269824	0.0184341076986659	0.00641372160890762	0.347926881721094
44	45	ppanic_Pavag01G137800_ctg_16986_18086377-18089910	ppanic_Pavag01G137800_ctg_64743_81704309-81707837	286	284	2	2	0	1	1	217.333333333333	634.666666666667	0.00460122699386503	0.00157563025210084	0.342436974789916	0.00461539918078367	0.00157728764758409	0.341744578486552
30	31	ppanic_Pavag01G137900_ctg_16986_18092234-18096765	ppanic_Pavag01G137900_ctg_64743_81710132-81714444	489	486	3	3	0	7	8	354.166666666667	1103.83333333333	0.0197647058823529	0.00724747093462177	0.366687517525506	0.0200298027097306	0.00728271539343293	0.363593965401114
47	48	ppanic_Pavag01G138000_ctg_16986_18110067-18111838	ppanic_Pavag01G138000_ctg_64743_81724374-81726145	560	548	12	12	0	9.5	10.5	456.166666666667	1187.83333333333	0.020825721592985	0.00883962396520275	0.424457031451929	0.0211203285472424	0.00889212956734527	0.421022312576964
26	27	ppanic_Pavag03G070600_ctg_84706_10324770-10325243	ppanic_Pavag03G070600_ctg_93181_28525628-28526101	158	156	2	2	0	1	0	118.333333333333	349.666666666667	0.00845070422535211	0	NA	0.00849867450716248	0	NA
13	14	ppanic_Pavag03G070800_ctg_84706_10363504-10365044	ppanic_Pavag03G070800_ctg_93181_28499714-28501260	505	495	10	10	0	15	8	408.833333333333	1076.16666666667	0.0366897676314717	0.00743379278302617	0.202612152186258	0.0376175791777945	0.00747087889480514	0.198600735562887
25	26	ppanic_Pavag03G071600_ctg_190938_305499-309212	ppanic_Pavag03G071600_ctg_93181_28350654-28354404	662	656	6	6	0	45.5	31.5	463.666666666667	1504.33333333333	0.0981308411214953	0.0209395080877465	0.213383558608464	0.105172005981488	0.0212373739955904	0.201929912788091
29	30	ppanic_Pavag03G072700_ctg_190938_165437-166278	ppanic_Pavag03G072700_ctg_93181_28080537-28081375	289	286	3	3	0	11	5	207.666666666667	650.333333333333	0.0529695024077046	0.00768836494105587	0.145147010856903	0.0549330309108435	0.00772804364594756	0.140681180663237
39	40	ppanic_Pavag03G073300_ctg_190938_102669-103035	ppanic_Pavag03G073300_ctg_93181_28039942-28040317	152	142	10	10	0	3.5	7.5	89.8333333333333	336.166666666667	0.038961038961039	0.022310361923649	0.572632622706991	0.0400094855289696	0.0226489279186017	0.566088956635104
32	33	ppanic_Pavag03G074100_ctg_190938_46734-47155	ppanic_Pavag03G074100_ctg_93181_27996474-28008986	168	166	2	2	0	9.5	6.5	99.8333333333333	398.166666666667	0.0951585976627713	0.0163248221012976	0.171553832257496	0.101760100537895	0.0165051095902137	0.162196278334722
13	14	ppanic_Pavag03G087900_ctg_112215_18853548-18854526	ppanic_Pavag03G087900_ctg_93181_24192378-24193413	357	341	16	16	0	20	23	226.166666666667	796.833333333333	0.0884303610906411	0.0288642543400962	0.326406609495921	0.094093465707672	0.0294343596149065	0.312820442881259
22	23	ppanic_Pavag03G088000_ctg_93181_24210478-24213442	ppanic_Pavag03G088000_ctg_112215_18848134-18850433	561	561	0	0	0	3	7	305.833333333333	1377.16666666667	0.00980926430517711	0.00508289967324216	0.518173383355521	0.00987397695394293	0.00510020180360453	0.51652964427549
26	27	ppanic_Pavag03G088100_ctg_112215_18818657-18823496	ppanic_Pavag03G088100_ctg_93181_24227411-24232505	628	625	3	3	0	5	15	426.5	1448.5	0.0117233294255569	0.0103555402140145	0.883327580255437	0.0118159198553839	0.010427696653933	0.882512473134421
39	40	ppanic_Pavag03G420900_ctg_192487_9245-12113	ppanic_Pavag03G420900_ctg_31255_179896-182765	941	927	14	14	0	2	4	604.666666666667	2176.33333333333	0.00330760749724366	0.00183795374483076	0.555674682187165	0.00331492252361335	0.00184020948017396	0.555128956126577
25	26	ppanic_Pavag03G421100_ctg_192487_80602-82205	ppanic_Pavag03G421100_ctg_31255_101220-102830	292	291	1	1	0	1	3	209.5	663.5	0.00477326968973747	0.00452147701582517	0.947249434815373	0.00478852384850233	0.00453516121116971	0.947089615641811
26	27	ppanic_Pavag03G421200_ctg_192487_83048-90056	ppanic_Pavag03G421200_ctg_31255_93376-100385	470	468	2	2	0	1	0	313.666666666667	1090.33333333333	0.00318809776833156	0	NA	0.00319489301021809	0	NA
31	32	ppanic_Pavag04G108000_ctg_138118_18709459-18709803	ppanic_Pavag04G108000_ctg_177517_4308036-4308380	118	111	7	7	0	2	2	73.6666666666667	259.333333333333	0.0271493212669683	0.0077120822622108	0.284061696658098	0.0276529018562458	0.00775200699799655	0.280332495963553
42	43	ppanic_Pavag04G109000_ctg_138118_18239546-18242889	ppanic_Pavag04G109000_ctg_177517_4157940-4161285	218	215	3	3	0	0	1	150.833333333333	494.166666666667	0	0.00202360876897133	NA	0	0.00202634368451144	NA
27	28	ppanic_Pavag04G109100_ctg_138118_18201818-18204459	ppanic_Pavag04G109100_ctg_177517_4112691-4115024	485	478	7	7	0	7.33333333333333	7.66666666666667	325.5	1108.5	0.0225294418842806	0.00691625319500827	0.306987329314799	0.0228747586857503	0.00694834031744511	0.303755786581195
29	30	ppanic_Pavag04G109500_ctg_138118_18107790-18108312	ppanic_Pavag04G109500_ctg_177517_3957366-3957888	224	215	9	9	0	5.5	5.5	128.5	516.5	0.0428015564202335	0.010648596321394	0.248789932236205	0.0440714220223576	0.0107249146365394	0.243353042502205
19	20	ppanic_Pavag04G109900_ctg_138118_17683853-17684952	ppanic_Pavag04G109900_ctg_177517_3632757-3633975	303	298	5	5	0	13	1	230.833333333333	663.166666666667	0.0563176895306859	0.00150791656195024	0.0267751851064241	0.0585443375435284	0.00150943447175788	0.0257827577369988
30	31	ppanic_Pavag04G110400_ctg_138118_17407291-17407705	ppanic_Pavag04G110400_ctg_177517_3254729-3255077	207	198	9	9	0	1	4	76.6666666666667	517.333333333333	0.0130434782608696	0.0077319587628866	0.592783505154639	0.0131582322381821	0.00777209027665991	0.590663710441826
30	31	ppanic_Pavag04G110500_ctg_177517_3251055-3253082	ppanic_Pavag04G110500_ctg_138118_17403658-17405677	521	516	5	5	0	2	4	297.666666666667	1250.33333333333	0.00671892497200448	0.00319914689416156	0.476139696081045	0.00674920190142719	0.00320598938622728	0.475017555120011
31	32	ppanic_Pavag04G110600_ctg_138118_17236783-17241404	ppanic_Pavag04G110600_ctg_177517_3134409-3139033	858	857	1	1	0	8.5	11.5	575.666666666667	1995.33333333333	0.0147654892877823	0.00576344804543936	0.390332344097011	0.0149127720101574	0.00578570704196522	0.387969925244242
3	4	ppanic_Pavag04G110700_ctg_138118_17109234-17109527	ppanic_Pavag04G110700_ctg_177517_2835014-2835310	102	95	7	7	0	0	0	63.3333333333333	221.666666666667	0	0	NA	0	0	NA
45	46	ppanic_Pavag04G110900_ctg_138118_17105805-17107649	ppanic_Pavag04G110900_ctg_177517_2831598-2833442	626	617	9	9	0	1	1	428.333333333333	1422.66666666667	0.00233463035019455	0.0007029053420806	0.30107778819119	0.00233827157443944	0.000703234931972628	0.300749895632297
43	44	ppanic_Pavag04G111000_ctg_138118_17092088-17095358	ppanic_Pavag04G111000_ctg_177517_2817845-2821129	217	214	3	3	0	8	3	157.333333333333	484.666666666667	0.0508474576271186	0.0061898211829436	0.121733149931224	0.0526531940049364	0.0062155051864277	0.118046118642774
44	45	ppanic_Pavag04G111800_ctg_138118_16941079-16947163	ppanic_Pavag04G111800_ctg_177517_2692310-2698409	540	539	1	1	0	3	1	362	1255	0.00828729281767956	0.000796812749003984	0.0961487383798141	0.00833341906880304	0.000797236322743137	0.095667374478702
15	16	ppanic_Pavag04G113600_ctg_138118_16796319-16798631	ppanic_Pavag04G113600_ctg_150187_61350850-61353308	75	73	2	2	0	0	1	57.3333333333333	161.666666666667	0	0.00618556701030928	NA	0	0.00621121562379149	NA
27	28	ppanic_Pavag04G113700_ctg_138118_16661598-16662954	ppanic_Pavag04G113700_ctg_150187_61451814-61453170	366	354	12	12	0	2	1	270	792	0.00740740740740741	0.00126262626262626	0.170454545454545	0.00744422984997745	0.00126369027368964	0.169754333108545
15	16	ppanic_Pavag04G114500_ctg_138118_16405877-16407601	ppanic_Pavag04G114500_ctg_150187_62274581-62276305	284	280	4	4	0	1	0	177.666666666667	662.333333333333	0.00562851782363977	0	NA	0.00564974423065886	0	NA
16	17	ppanic_Pavag04G114600_ctg_138118_16394088-16397286	ppanic_Pavag04G114600_ctg_150187_62284892-62288089	486	484	2	2	0	0	1	320	1132	0	0.00088339222614841	NA	0	0.000883912889583189	NA
25	26	ppanic_Pavag04G116300_ctg_138118_15984455-15984806	ppanic_Pavag04G116300_ctg_150187_62711150-62711501	87	85	2	2	0	0	0	57.3333333333333	197.666666666667	0	0	NA	0	0	NA
27	28	ppanic_Pavag04G118400_ctg_138118_15583047-15584650	ppanic_Pavag04G118400_ctg_150187_63246225-63247828	153	151	2	2	0	1	1	101.333333333333	351.666666666667	0.00986842105263158	0.0028436018957346	0.288151658767772	0.00993392006251551	0.00284900627491184	0.286795772160703
4	5	ppanic_Pavag04G118700_ctg_138118_15394895-15404256	ppanic_Pavag04G118700_ctg_150187_63436448-63443244	195	191	4	4	0	1	0	127.666666666667	445.333333333333	0.00783289817232376	0	NA	0.00787408807366477	0	NA
22	23	ppanic_Pavag04G118800_ctg_138118_15213205-15217617	ppanic_Pavag04G118800_ctg_150187_63598960-63603385	251	249	2	2	0	0	4	180.333333333333	566.666666666667	0	0.00705882352941176	NA	0	0.00709225143152655	NA
29	30	ppanic_Pavag04G119100_ctg_138118_15124592-15132141	ppanic_Pavag04G119100_ctg_150187_63697776-63705264	385	376	9	9	0	1	1	260	868	0.00384615384615385	0.00115207373271889	0.299539170506912	0.00385604962531399	0.00115295948916486	0.299000168876451
21	22	ppanic_Pavag04G120400_ctg_138118_14795837-14796909	ppanic_Pavag04G120400_ctg_150187_63956634-63957706	298	294	4	4	0	2	1	187.5	694.5	0.0106666666666667	0.00143988480921526	0.134989200863931	0.0107432454661151	0.00144126875965636	0.134155806474143
28	29	ppanic_Pavag04G120900_ctg_138118_14350231-14352002	ppanic_Pavag04G120900_ctg_150187_64191344-64193129	351	349	2	2	0	2	3	244.333333333333	802.666666666667	0.00818553888130969	0.0037375415282392	0.456602990033223	0.00823053527398251	0.00374688539502875	0.455242006783326
24	25	ppanic_Pavag04G121600_ctg_138118_14117057-14120575	ppanic_Pavag04G121600_ctg_150187_64404351-64407759	192	188	4	4	0	0	1	130.333333333333	433.666666666667	0	0.00230591852421214	NA	0	0.00230947064704604	NA
14	15	ppanic_Pavag04G121800_ctg_138118_13998371-14001009	ppanic_Pavag04G121800_ctg_150187_64551372-64554017	479	477	2	2	0	0	1	311	1120	0	0.000892857142857143	NA	0	0.000893389027614838	NA
9	10	ppanic_Pavag04G122300_ctg_138118_13752900-13753226	ppanic_Pavag04G122300_ctg_150187_64792766-64793092	126	121	5	5	0	0	0	79	284	0	0	NA	0	0	NA
22	23	ppanic_Pavag04G122400_ctg_138118_13669947-13671052	ppanic_Pavag04G122400_ctg_150187_64910703-64911808	241	233	8	8	0	0	0	158.333333333333	540.666666666667	0	0	NA	0	0	NA
11	12	ppanic_Pavag04G123100_ctg_138118_13480084-13481062	ppanic_Pavag04G123100_ctg_150187_65102480-65103458	347	345	2	2	0	0	0	218.333333333333	816.666666666667	0	0	NA	0	0	NA
23	24	ppanic_Pavag04G123400_ctg_138118_13340841-13343522	ppanic_Pavag04G123400_ctg_150187_65238288-65241220	554	531	23	23	0	1	3	256.833333333333	1336.16666666667	0.00389357560025957	0.0022452288886117	0.576649619558439	0.00390371733622619	0.00224859631269944	0.576014121676443
12	13	ppanic_Pavag04G123700_ctg_138118_13338578-13339752	ppanic_Pavag04G123700_ctg_150187_65242031-65243205	411	404	7	7	0	2	0	253.166666666667	958.833333333333	0.00789993416721527	0	NA	0.00794183463209874	0	NA
2	3	ppanic_Pavag04G123800_ctg_138118_13334152-13334709	ppanic_Pavag04G123800_ctg_150187_65247073-65247629	244	233	11	11	0	0	3	113.166666666667	585.833333333333	0	0.00512091038406828	NA	0	0.00513847285479694	NA
26	27	ppanic_Pavag04G124000_ctg_138118_13311508-13313238	ppanic_Pavag04G124000_ctg_150187_65270439-65272169	557	537	20	20	0	0	1	333.666666666667	1277.33333333333	0	0.000782881002087683	NA	0	0.000783289888429705	NA
14	15	ppanic_Pavag05G000600_ctg_112215_37685303-37687854	ppanic_Pavag05G000600_ctg_178622_42070842-42073343	355	349	6	6	0	11	12	229.666666666667	817.333333333333	0.0478955007256894	0.0146818923327896	0.306540115675515	0.0494932156634146	0.0148275010507529	0.299586536295991
12	13	ppanic_Pavag05G000700_ctg_112215_37681348-37683592	ppanic_Pavag05G000700_ctg_178622_42067780-42070023	292	291	1	1	0	9	3	174.833333333333	698.166666666667	0.0514775977121068	0.00429696825017904	0.0834725869340336	0.0533294672651358	0.00430932475956882	0.0808056967481849
6	7	ppanic_Pavag05G000800_ctg_112215_37638661-37640258	ppanic_Pavag05G000800_ctg_178622_42049947-42051487	613	595	18	18	0	17	20	369.666666666667	1415.33333333333	0.0459873760144274	0.0141309467734338	0.307278822975257	0.0474576890515486	0.014265765331713	0.300599662916953
27	28	ppanic_Pavag05G000900_ctg_112215_37631529-37634508	ppanic_Pavag05G000900_ctg_178622_42034486-42037475	723	716	7	7	0	32.5	48.5	505.333333333333	1642.66666666667	0.0643139841688654	0.0295251623376623	0.459078421578422	0.0672400398393514	0.0301220363545698	0.44797766965244
17	18	ppanic_Pavag05G001000_ctg_178622_42031114-42031858	ppanic_Pavag05G001000_ctg_112215_37627861-37628358	217	203	14	14	0	8	4	73.1666666666667	535.833333333333	0.109339407744875	0.00746500777604977	0.0682737169517885	0.11818004032857	0.00750240704222018	0.0634828607382566
6	7	ppanic_Pavag05G001500_ctg_112215_37602303-37602965	ppanic_Pavag05G001500_ctg_178622_41997924-41998583	249	236	13	13	0	7	9	151.833333333333	556.166666666667	0.0461031833150384	0.0161821995804615	0.350999614709534	0.0475810712423986	0.016359327780632	0.343820081252279
14	15	ppanic_Pavag05G002000_ctg_112215_37519255-37525337	ppanic_Pavag05G002000_ctg_178622_41896464-41900899	590	585	5	5	0	37	22	387.166666666667	1367.83333333333	0.0955660783469651	0.0160838308760814	0.168300626689807	0.102226939738807	0.0162587965809371	0.159046104896408
26	27	ppanic_Pavag05G002200_ctg_178622_41890762-41891925	ppanic_Pavag05G002200_ctg_112215_37514462-37515632	423	416	7	7	0	41	15	263.833333333333	984.166666666667	0.155401137081491	0.0152413209144793	0.0980772805187832	0.174139656236346	0.0153983167527643	0.0884251013558069
22	23	ppanic_Pavag05G002400_ctg_112215_37489734-37498400	ppanic_Pavag05G002400_ctg_178622_41875572-41886532	833	827	6	6	0	42	69	527.666666666667	1953.33333333333	0.0795957043588124	0.0353242320819113	0.443795709410044	0.0841441873527556	0.0361831785966374	0.430014000194066
26	27	ppanic_Pavag05G002500_ctg_112215_37477903-37478739	ppanic_Pavag05G002500_ctg_178622_41855560-41856378	300	297	3	3	0	24	14	218.333333333333	672.666666666667	0.109923664122137	0.020812685827552	0.189337628014536	0.118864321860115	0.0211069205911844	0.177571539221198
25	26	ppanic_Pavag05G002600_ctg_112215_37474273-37477707	ppanic_Pavag05G002600_ctg_178622_41851551-41855364	801	794	7	7	0	63.5	80.5	536.333333333333	1845.66666666667	0.118396519577377	0.0436156763590392	0.368386473814667	0.128858560258936	0.0449353120410707	0.348718097973273
42	43	ppanic_Pavag05G002900_ctg_178622_41811465-41813287	ppanic_Pavag05G002900_ctg_112215_37354456-37356699	288	286	2	2	0	16	13	190.666666666667	667.333333333333	0.0839160839160839	0.0194805194805195	0.232142857142857	0.088993157850987	0.0197379812380301	0.221792121042384
34	35	ppanic_Pavag05G004000_ctg_178622_41723001-41724420	ppanic_Pavag05G004000_ctg_112215_37195063-37196478	372	353	19	19	0	18.5	30.5	201.5	857.5	0.0918114143920596	0.0355685131195335	0.387408399653298	0.0979362840006072	0.0364395775189519	0.372074332723569
37	38	ppanic_Pavag05G004100_ctg_112215_37166100-37169112	ppanic_Pavag05G004100_ctg_178622_41662035-41664451	527	520	7	7	0	39.5	29.5	392.166666666667	1167.83333333333	0.100722481937952	0.0252604538318824	0.250792607031305	0.108159729375417	0.0256956471636663	0.23757129674833
45	46	ppanic_Pavag05G004700_ctg_112215_37111545-37113697	ppanic_Pavag05G004700_ctg_178622_41636757-41638824	260	254	6	6	0	10	33	179.666666666667	582.333333333333	0.0556586270871985	0.0566685746994848	1.01814539210074	0.0578321063681088	0.0589238058579748	1.01887704872648
23	24	ppanic_Pavag05G004900_ctg_178622_41626988-41627732	ppanic_Pavag05G004900_ctg_112215_37091704-37093482	205	195	10	10	0	15.5	15.5	126.333333333333	458.666666666667	0.122691292875989	0.0337936046511628	0.275436046511628	0.133975823403859	0.0345786145865498	0.258095928862593
26	27	ppanic_Pavag05G005500_ctg_178622_41570973-41574018	ppanic_Pavag05G005500_ctg_112215_37056197-37059966	588	584	4	4	0	52.3333333333333	44.6666666666667	403.5	1348.5	0.129698471705907	0.0331232233345693	0.255386381187873	0.142400633067005	0.0338769302266493	0.23789873329221
40	41	ppanic_Pavag05G005600_ctg_112215_37054040-37054769	ppanic_Pavag05G005600_ctg_178622_41567912-41568709	72	71	1	1	0	10	4	43.3333333333333	169.666666666667	0.230769230769231	0.0235756385068762	0.102161100196464	0.275793585093988	0.0239541318808744	0.0868552902443727
26	27	ppanic_Pavag05G005800_ctg_112215_37044323-37047441	ppanic_Pavag05G005800_ctg_178622_41559607-41562615	116	115	1	1	0	11	10	86.5	258.5	0.127167630057803	0.0386847195357834	0.30420256725866	0.139346844796606	0.039718081931326	0.285030364263357
49	50	ppanic_Pavag05G007700_ctg_112215_36756191-36759663	ppanic_Pavag05G007700_ctg_178622_41373336-41377031	683	679	4	4	0	84.5	65.5	486	1551	0.173868312757202	0.0422308188265635	0.242889679878223	0.197802711209597	0.0434663859621983	0.219746158666855
34	35	ppanic_Pavag05G007800_ctg_112215_36751834-36754809	ppanic_Pavag05G007800_ctg_178622_41369010-41371957	472	465	7	7	0	54.5	37.5	314	1081	0.173566878980892	0.0346901017576318	0.199865907374246	0.197410411642985	0.0355180002166863	0.179919589453672
27	28	ppanic_Pavag05G009500_ctg_112215_36695068-36696614	ppanic_Pavag05G009500_ctg_178622_41346517-41348129	316	315	1	1	0	4.5	50.5	141	804	0.0319148936170213	0.0628109452736318	1.96807628524046	0.0326138339548041	0.0655978225014582	2.01134961907156
17	18	ppanic_Pavag05G010800_ctg_112215_36597590-36600235	ppanic_Pavag05G010800_ctg_178622_41206924-41208997	289	277	12	12	0	35	73	152	679	0.230263157894737	0.107511045655376	0.466905112560488	0.275062946945606	0.116042686192709	0.421876837579496
46	47	ppanic_Pavag05G031600_ctg_112215_35571253-35574775	ppanic_Pavag05G031600_ctg_178622_38323275-38326810	441	439	2	2	0	89.8333333333333	29.1666666666667	285.833333333333	1031.16666666667	0.314285714285714	0.0282851139486019	0.0899980898364607	0.407314864488159	0.0288322802209612	0.0707862215075124
36	37	ppanic_Pavag05G033400_ctg_112215_35638179-35640597	ppanic_Pavag05G033400_ctg_178622_38081125-38083334	541	538	3	3	0	126.5	64.5	359	1255	0.352367688022284	0.051394422310757	0.1458545265578	0.475909100625284	0.0532401675703619	0.11187045488395
32	33	ppanic_Pavag05G033800_ctg_112215_35649587-35654071	ppanic_Pavag05G033800_ctg_178622_38071579-38075911	480	474	6	6	0	92.1666666666667	66.8333333333333	301.666666666667	1120.33333333333	0.305524861878453	0.0596548646236239	0.195253716037539	0.39238431403174	0.0621611533483669	0.158419057861061
35	36	ppanic_Pavag05G037800_ctg_178622_37804137-37809459	ppanic_Pavag05G037800_ctg_112215_36020548-36026067	1040	1033	7	7	0	217.333333333333	121.666666666667	701.166666666667	2397.83333333333	0.309959591157594	0.0507402516160423	0.163699569439179	0.399904984167548	0.0525382000092511	0.131376707191124
30	31	ppanic_Pavag05G038700_ctg_178622_37725504-37726109	ppanic_Pavag05G038700_ctg_112215_36260315-36260916	189	174	15	15	0	48.8333333333333	54.1666666666667	118.166666666667	403.833333333333	0.413258110014104	0.134131242261659	0.324570139124629	0.60056735603963	0.147779490986989	0.246066472812481
46	47	ppanic_Pavag05G039500_ctg_178622_37603361-37608420	ppanic_Pavag05G039500_ctg_112215_36308105-36312987	631	628	3	3	0	140.5	39.5	390.833333333333	1493.16666666667	0.359488272921109	0.0264538452952338	0.0735875055958759	0.489461405077256	0.0269316516337051	0.0550230342052286
24	25	ppanic_Pavag05G043600_ctg_112215_36351460-36351681	ppanic_Pavag05G043600_ctg_178622_37311484-37311705	74	72	2	2	0	5	0	45.8333333333333	170.166666666667	0.109090909090909	0	NA	0.117889187641809	0	NA
3	4	ppanic_Pavag05G209200_ctg_100257_12711806-12715483	ppanic_Pavag05G209200_ctg_138118_407988-411716	411	395	16	16	0	1	4	219	966	0.0045662100456621	0.0041407867494824	0.906832298136646	0.00458016690613459	0.00415225974087019	0.906573892603942
26	27	ppanic_Pavag05G210000_ctg_100257_12375549-12379863	ppanic_Pavag05G210000_ctg_138118_968735-973012	407	406	1	1	0	4	3	283.5	934.5	0.0141093474426808	0.00321027287319422	0.22752808988764	0.01424375155052	0.00321716310998409	0.225864871243605
27	28	ppanic_Pavag05G210200_ctg_100257_12366101-12372283	ppanic_Pavag05G210200_ctg_138118_996664-1002851	1467	1454	13	13	0	5	6	814.833333333333	3547.16666666667	0.00613622417672326	0.00169149086125076	0.275656627355166	0.00616146410496992	0.00169340116157419	0.274837462772569
31	32	ppanic_Pavag05G210300_ctg_100257_12357334-12360623	ppanic_Pavag05G210300_ctg_138118_1007771-1011024	215	213	2	2	0	0	0	144.333333333333	494.666666666667	0	0	NA	0	0	NA
7	8	ppanic_Pavag05G210500_ctg_100257_12334032-12337552	ppanic_Pavag05G210500_ctg_138118_1031141-1034478	335	330	5	5	0	9	25	218	772	0.0412844036697248	0.0323834196891192	0.784398388025331	0.042464170499631	0.0331033431192836	0.779559396304969
19	20	ppanic_Pavag05G211700_ctg_100257_10334209-10335202	ppanic_Pavag05G211700_ctg_138118_3050959-3057977	289	273	16	16	0	2	4	211	608	0.00947867298578199	0.00657894736842105	0.694078947368421	0.009539079305831	0.00660797226161619	0.692726420418467
19	20	ppanic_Pavag05G212300_ctg_100257_11027087-11027987	ppanic_Pavag05G212300_ctg_138118_2619447-2620347	158	151	7	7	0	3	1	114.5	338.5	0.0262008733624454	0.00295420974889217	0.112752338749385	0.0266694765273651	0.0029600433094794	0.110989929121486
19	20	ppanic_Pavag05G212400_ctg_100257_11033468-11034949	ppanic_Pavag05G212400_ctg_138118_2611675-2613157	454	447	7	7	0	6	6	286.5	1054.5	0.0209424083769634	0.00568990042674253	0.271692745376956	0.0212403575905916	0.00571159352458112	0.268902889239071
15	16	ppanic_Pavag05G213500_ctg_100257_11333335-11335297	ppanic_Pavag05G213500_ctg_138118_2272878-2274889	589	585	4	4	0	60.3333333333333	17.6666666666667	450.166666666667	1304.83333333333	0.134024435394298	0.0135394047771107	0.101021912439161	0.147649433723635	0.0136631061085134	0.0925374772116465
13	14	ppanic_Pavag05G213900_ctg_100257_11358263-11365099	ppanic_Pavag05G213900_ctg_138118_2242485-2249317	451	447	4	4	0	1	1	305.5	1035.5	0.00327332242225859	0.000965717044905843	0.295026557218735	0.00328048636733484	0.00096633931873972	0.294571966023685
5	6	ppanic_Pavag05G214300_ctg_138118_2101141-2102061	ppanic_Pavag05G214300_ctg_100257_11496662-11497587	318	309	9	9	0	0	3	213	714	0	0.00420168067226891	NA	0	0.00421349422816745	NA
1	2	ppanic_Pavag05G216800_ctg_138118_1560386-1589699	ppanic_Pavag05G216800_ctg_100257_11737285-11819641	369	363	6	6	0	2	0	224	865	0.00892857142857143	0	NA	0.00898214328503674	0	NA
29	30	ppanic_Pavag05G219000_ctg_100257_10156471-10158521	ppanic_Pavag05G219000_ctg_138118_3302236-3304290	222	218	4	4	0	4	5	135.833333333333	518.166666666667	0.0294478527607362	0.00964940495336121	0.327677709874558	0.0300415629375447	0.00971201657926324	0.32328599545417
28	29	ppanic_Pavag05G219100_ctg_100257_10154736-10155215	ppanic_Pavag05G219100_ctg_138118_3305487-3305966	189	181	8	8	0	0	3	77.5	465.5	0	0.00644468313641246	NA	0	0.0064725320806612	NA
12	13	ppanic_Pavag05G220500_ctg_100257_9476502-9477209	ppanic_Pavag05G220500_ctg_138118_3843292-3843999	180	171	9	9	0	12	12	114	399	0.105263157894737	0.0300751879699248	0.285714285714286	0.113423227292943	0.0306948207819131	0.270622001458629
24	25	ppanic_Pavag05G223400_ctg_100257_8662225-8662463	ppanic_Pavag05G223400_ctg_138118_4921676-4921914	84	82	2	2	0	0	2	53.6666666666667	192.333333333333	0	0.0103986135181976	NA	0	0.0104713742863265	NA
26	27	ppanic_Pavag05G223500_ctg_100257_8652919-8656850	ppanic_Pavag05G223500_ctg_138118_4928777-4932709	126	125	1	1	0	0	0	85	290	0	0	NA	0	0	NA
19	20	ppanic_Pavag05G223800_ctg_138118_5017025-5022918	ppanic_Pavag05G223800_ctg_100257_8523788-8532135	656	651	5	5	0	22	17	436.5	1516.5	0.0504009163802978	0.0112100230794593	0.222417048826544	0.0521743299374786	0.0112946437494968	0.216478942097222
11	12	ppanic_Pavag05G225200_ctg_100257_8418924-8423876	ppanic_Pavag05G225200_ctg_138118_5146628-5151584	263	258	5	5	0	2	0	144	630	0.0138888888888889	0	NA	0.0140190997591144	0	NA
16	17	ppanic_Pavag05G225300_ctg_100257_8367220-8377576	ppanic_Pavag05G225300_ctg_138118_5178243-5182839	633	625	8	8	0	7	6	454.833333333333	1420.16666666667	0.0153902528398681	0.00422485623753081	0.274515063624323	0.0155503534270646	0.00423680072211887	0.27245687642989
28	29	ppanic_Pavag05G225400_ctg_100257_8365792-8366518	ppanic_Pavag05G225400_ctg_138118_5183540-5184266	221	212	9	9	0	2	2	153.166666666667	482.833333333333	0.0130576713819369	0.0041422160856058	0.317224715222644	0.0131726767040263	0.00415369701361647	0.315326725687186
27	28	ppanic_Pavag05G226200_ctg_100257_8104817-8105390	ppanic_Pavag05G226200_ctg_138118_5467434-5468040	187	179	8	8	0	3	10	127.333333333333	409.666666666667	0.0235602094240838	0.0244100895036615	1.03607268782208	0.0239382022262288	0.0248161596564398	1.03667599688205
28	29	ppanic_Pavag05G226700_ctg_100257_7902215-7903570	ppanic_Pavag05G226700_ctg_138118_5626413-5627774	576	562	14	14	0	37.5	14.5	369.166666666667	1316.83333333333	0.101580135440181	0.0110112643969118	0.108399780618487	0.109151085648367	0.0110928963409759	0.101628822792583
24	25	ppanic_Pavag05G226800_ctg_100257_7891700-7895574	ppanic_Pavag05G226800_ctg_138118_5633637-5637555	475	471	4	4	0	4	2	274.166666666667	1138.83333333333	0.0145896656534954	0.00175618322845017	0.120371725450022	0.0147334388056975	0.00175824256349474	0.119336876250154
28	29	ppanic_Pavag05G227700_ctg_100257_7678395-7688767	ppanic_Pavag05G227700_ctg_138118_5776590-5787637	1106	1104	2	2	0	7	10	727.333333333333	2584.66666666667	0.00962419798350138	0.0038689708537529	0.402004495375659	0.00968648150751171	0.003878984597026	0.400453414794413
27	28	ppanic_Pavag05G227800_ctg_100257_7673041-7677612	ppanic_Pavag05G227800_ctg_138118_5788416-5792917	547	543	4	4	0	12	4	388	1241	0.0309278350515464	0.0032232070910556	0.104217029277464	0.0315836140125951	0.00323015304148846	0.102273066033555
7	8	ppanic_Pavag05G228200_ctg_100257_7418171-7418626	ppanic_Pavag05G228200_ctg_138118_6149328-6149783	223	216	7	7	0	9	13	113.5	534.5	0.079295154185022	0.0243217960710945	0.306724872674358	0.0838080288297115	0.024724901433581	0.295018290954191
25	26	ppanic_Pavag05G228400_ctg_100257_7408975-7409562	ppanic_Pavag05G228400_ctg_138118_6159477-6160052	202	198	4	4	0	25	5	140	454	0.178571428571429	0.0110132158590308	0.0616740088105727	0.203950286612731	0.0110948768833729	0.0543999082700007
24	25	ppanic_Pavag05G229800_ctg_100257_7144551-7147795	ppanic_Pavag05G229800_ctg_138118_6479307-6482604	352	351	1	1	0	6	1	242.333333333333	810.666666666667	0.0247592847317744	0.00123355263157895	0.0498218201754386	0.0251771892921409	0.00123456818000159	0.0490351867985108
33	34	ppanic_Pavag05G230100_ctg_100257_7089945-7093556	ppanic_Pavag05G230100_ctg_138118_6547907-6551546	414	409	5	5	0	9	2	278.666666666667	948.333333333333	0.0322966507177034	0.00210896309314587	0.0652997461433314	0.0330126640625807	0.00211193381368496	0.0639734439390125
30	31	ppanic_Pavag05G230300_ctg_100257_7085595-7087176	ppanic_Pavag05G230300_ctg_138118_6556052-6557632	261	257	4	4	0	1	3	178.666666666667	592.333333333333	0.00559701492537313	0.00506471581316826	0.904895891952729	0.00561800379686822	0.00508189409044061	0.904572918457893
44	45	ppanic_Pavag05G230400_ctg_100257_7064809-7068870	ppanic_Pavag05G230400_ctg_138118_6567509-6571657	1116	1090	26	26	0	11	7	834	2436	0.013189448441247	0.0028735632183908	0.217868338557994	0.0133068006756572	0.00287908223037428	0.216361716129192
33	34	ppanic_Pavag05G231000_ctg_100257_6964423-6967087	ppanic_Pavag05G231000_ctg_138118_6674435-6677107	449	445	4	4	0	6	1	317.5	1017.5	0.0188976377952756	0.000982800982800983	0.052006552006552	0.0191397946560717	0.00098344547774169	0.0513822376579006
30	31	ppanic_Pavag05G231300_ctg_100257_6927770-6930971	ppanic_Pavag05G231300_ctg_138118_6690194-6693397	694	689	5	5	0	16	6	497.166666666667	1569.83333333333	0.0321823667448877	0.00382206178999894	0.118762607495488	0.0328932468184785	0.00383183377424513	0.116493023488716
27	28	ppanic_Pavag05G232400_ctg_100257_6677156-6682703	ppanic_Pavag05G232400_ctg_138118_6951463-6957001	894	886	8	8	0	25.5	14.5	615.333333333333	2042.66666666667	0.0414409534127844	0.00709856396866841	0.171293452106691	0.0426298579454044	0.00713237052516242	0.16730927262992
12	13	ppanic_Pavag05G251700_ctg_138118_7345354-7354017	ppanic_Pavag05G251700_ctg_100257_5902041-5910518	508	505	3	3	0	3	3	329.166666666667	1185.83333333333	0.00911392405063291	0.00252986647926915	0.277582572030921	0.00916975253408327	0.00253414291496701	0.276358920870306
14	15	ppanic_Pavag05G252700_ctg_100257_5875207-5881104	ppanic_Pavag05G252700_ctg_138118_7402625-7408563	980	977	3	3	0	14	17	660.166666666667	2270.83333333333	0.0212067659681899	0.00748623853211009	0.353011795543906	0.0215123582536279	0.00752385154632387	0.349745548936041
4	5	ppanic_Pavag05G254200_ctg_100257_5801150-5805301	ppanic_Pavag05G254200_ctg_138118_7563735-7567598	472	462	10	10	0	7	12	297.666666666667	1088.33333333333	0.0235162374020157	0.0110260336906585	0.468868956464669	0.0238928054584648	0.0111078858536288	0.464905047376657
26	27	ppanic_Pavag05G256200_ctg_100257_5686247-5691411	ppanic_Pavag05G256200_ctg_138118_7610692-7615864	626	622	4	4	0	16	2	389.333333333333	1476.66666666667	0.0410958904109589	0.00135440180586907	0.0329571106094808	0.0422647024133488	0.00135562621634228	0.0320746660673074
1	2	ppanic_Pavag05G256400_ctg_100257_5361563-5369349	ppanic_Pavag05G256400_ctg_138118_8016181-8019231	426	420	6	6	0	3	2	186	1074	0.0161290322580645	0.00186219739292365	0.115456238361266	0.0163049899773044	0.00186451307959634	0.11435229841856
4	5	ppanic_Pavag05G259100_ctg_100257_4932330-4932647	ppanic_Pavag05G259100_ctg_138118_8612524-8612841	137	135	2	2	0	8	7	82.3333333333333	322.666666666667	0.097165991902834	0.0216942148760331	0.223269628099174	0.104062731375236	0.0220141590093956	0.211547003605119
20	21	ppanic_Pavag05G260500_ctg_100257_4757307-4762084	ppanic_Pavag05G260500_ctg_138118_8753146-8757910	539	537	2	2	0	4	3	375.333333333333	1235.66666666667	0.0106571936056838	0.00242783922309145	0.227812247100081	0.0107336357949419	0.00243177732632259	0.22655672064712
3	4	ppanic_Pavag05G260600_ctg_100257_4503362-4509017	ppanic_Pavag05G260600_ctg_138118_8807943-8809164	587	579	8	8	0	108.333333333333	247.666666666667	256.5	1480.5	0.422352176738142	0.167285826860295	0.396081365443068	0.621100413414583	0.189282307093607	0.304753149419113
24	25	ppanic_Pavag06G211000_ctg_121380_55470399-55470975	ppanic_Pavag06G211000_ctg_121380_55468690-55469207	167	162	5	5	0	38.8333333333333	98.1666666666667	87.1666666666667	398.833333333333	0.445506692160612	0.246134559130798	0.552482293671277	0.676068072870652	0.298322967380633	0.441261729923031
27	28	ppanic_Pavag07G200900_ctg_188974_112037-114471	ppanic_Pavag07G200900_ctg_42969_26443113-26445502	387	376	11	11	0	8	6	271.666666666667	856.333333333333	0.0294478527607362	0.00700661736084079	0.237933047878552	0.0300415629375447	0.00703955109394532	0.234327059100763
33	34	ppanic_Pavag07G201000_ctg_188974_35273-38309	ppanic_Pavag07G201000_ctg_42969_26423689-26425946	220	219	1	1	0	2	0	153.666666666667	503.333333333333	0.0130151843817787	0	NA	0.0131294381352109	0	NA
33	34	ppanic_Pavag07G201100_ctg_188974_16120-17523	ppanic_Pavag07G201100_ctg_42969_26421778-26423183	390	387	3	3	0	5	1	305	856	0.0163934426229508	0.00116822429906542	0.0712616822429906	0.0165752602504995	0.00116913507696831	0.0705349454125813
27	28	ppanic_Pavag07G201300_ctg_188974_12439-13581	ppanic_Pavag07G201300_ctg_42969_26418682-26419839	431	424	7	7	0	13	12	272.833333333333	999.166666666667	0.047648136835675	0.0120100083402836	0.252056200680054	0.0492290238744906	0.0121072075939045	0.245936373322612
14	15	ppanic_Pavag08G016600_ctg_112215_33703681-33704803	ppanic_Pavag08G016600_ctg_190365_1047873-1048594	169	164	5	5	0	0	2	74.8333333333333	417.166666666667	0	0.00479424690371554	NA	0	0.00480963572127714	NA
27	28	ppanic_Pavag08G016900_ctg_112215_33681388-33685287	ppanic_Pavag08G016900_ctg_190365_1003245-1007233	640	631	9	9	0	24.5	7.5	420.666666666667	1472.33333333333	0.0582408874801902	0.00509395517319448	0.0874635568513119	0.0606265611073315	0.00511133282273439	0.0843084735366307
32	33	ppanic_Pavag08G017000_ctg_190365_831183-848461	ppanic_Pavag08G017000_ctg_112215_33668496-33670362	604	587	17	17	0	26	10	402.333333333333	1358.66666666667	0.0646230323115161	0.00736015701668302	0.1138937117838	0.0675781513830218	0.00739650965183686	0.109451198360172
37	38	ppanic_Pavag08G017300_ctg_112215_33556351-33559241	ppanic_Pavag08G017300_ctg_190365_723222-726159	333	308	25	25	0	0	1	197.333333333333	726.666666666667	0	0.00137614678899083	NA	0	0.00137741085547604	NA
24	25	ppanic_Pavag08G018300_ctg_112215_33518927-33520033	ppanic_Pavag08G018300_ctg_190365_642072-643178	273	266	7	7	0	1	1	154.666666666667	643.333333333333	0.00646551724137931	0.00155440414507772	0.240414507772021	0.00649354705733591	0.00155601715564527	0.239625145071891
20	21	ppanic_Pavag08G018500_ctg_112215_33479076-33481174	ppanic_Pavag08G018500_ctg_190365_606086-608138	225	222	3	3	0	2	4	133.5	532.5	0.0149812734082397	0.00751173708920188	0.501408450704225	0.0151329219644631	0.00754960762948976	0.498886312056497
31	32	ppanic_Pavag08G019000_ctg_112215_33434623-33437311	ppanic_Pavag08G019000_ctg_190365_576011-578675	234	231	3	3	0	2	3	162.666666666667	530.333333333333	0.0122950819672131	0.00565681961030798	0.460087994971716	0.0123969764634079	0.00567826056160861	0.458035923385762
24	25	ppanic_Pavag08G019200_ctg_112215_33324072-33324588	ppanic_Pavag08G019200_ctg_190365_559611-560133	204	195	9	9	0	1	2	118	467	0.00847457627118644	0.00428265524625268	0.505353319057816	0.00852281898773632	0.00429492941790098	0.50393296209635
35	36	ppanic_Pavag08G021300_ctg_112215_32887363-32891983	ppanic_Pavag08G021300_ctg_190365_149638-154535	495	494	1	1	0	1	1	373.333333333333	1108.66666666667	0.00267857142857143	0.000901984365604329	0.336740829825616	0.00268336601091297	0.000902527184724592	0.336341438720661
31	32	ppanic_Pavag08G021500_ctg_190365_147880-148922	ppanic_Pavag08G021500_ctg_112215_32885033-32886651	226	225	1	1	0	2	1	124.833333333333	550.166666666667	0.0160213618157543	0.00181763102090276	0.11345046955468	0.016194961222926	0.00181983710762158	0.112370575178987
27	28	ppanic_Pavag08G021600_ctg_112215_32804009-32805697	ppanic_Pavag08G021600_ctg_190365_47663-49340	524	496	28	28	0	10.5	10.5	269.833333333333	1218.16666666667	0.0389129092032119	0.00861951019291285	0.221507730195649	0.0399587202422532	0.00866942362481913	0.21695949150173
31	32	ppanic_Pavag08G075400_ctg_112215_4447629-4450795	ppanic_Pavag08G075400_ctg_87225_20782519-20785677	366	362	4	4	0	1	0	263.333333333333	822.666666666667	0.00379746835443038	0	NA	0.0038071147738955	0	NA
32	33	ppanic_Pavag08G075700_ctg_112215_4380916-4383973	ppanic_Pavag08G075700_ctg_87225_20837162-20840228	234	232	2	2	0	0	1	155.5	540.5	0	0.00185013876040703	NA	0	0.00185242452923779	NA
33	34	ppanic_Pavag08G075800_ctg_112215_4317208-4320328	ppanic_Pavag08G075800_ctg_87225_20875485-20878605	231	226	5	5	0	1	2	165.666666666667	512.333333333333	0.00603621730382294	0.00390370852309694	0.646714378659727	0.006060639040454	0.00391390320715016	0.645790514997733
32	33	ppanic_Pavag08G076300_ctg_112215_4205681-4206340	ppanic_Pavag08G076300_ctg_87225_20983686-20984345	203	199	4	4	0	1	0	134.666666666667	462.333333333333	0.00742574257425743	0	NA	0.00746274813987607	0	NA
31	32	ppanic_Pavag08G077600_ctg_112215_3736969-3738066	ppanic_Pavag08G077600_ctg_87225_21585298-21586395	102	98	4	4	0	0	0	69	225	0	0	NA	0	0	NA
25	26	ppanic_Pavag08G077800_ctg_112215_3717548-3719563	ppanic_Pavag08G077800_ctg_87225_21601753-21603768	183	178	5	5	0	0	0	128	406	0	0	NA	0	0	NA
32	33	ppanic_Pavag08G077900_ctg_112215_3714406-3716206	ppanic_Pavag08G077900_ctg_87225_21605086-21606888	242	239	3	3	0	6	1	172.333333333333	544.666666666667	0.034816247582205	0.0018359853121175	0.0527335781313749	0.0356502753493043	0.00183823621435514	0.0515630299161493
17	18	ppanic_Pavag08G078100_ctg_112215_3697057-3702307	ppanic_Pavag08G078100_ctg_87225_21634860-21640214	324	320	4	4	0	8	4	227.5	732.5	0.0351648351648352	0.00546075085324232	0.155290102389079	0.0360159218299162	0.0054807277467508	0.152175134448407
21	22	ppanic_Pavag08G078200_ctg_112215_3621074-3625573	ppanic_Pavag08G078200_ctg_87225_21737263-21741768	612	610	2	2	0	2	4	381.666666666667	1448.33333333333	0.00524017467248908	0.00276179516685846	0.527042577675489	0.00525856667835298	0.00276689269313386	0.526168604940171
13	14	ppanic_Pavag08G078500_ctg_112215_2734534-2739059	ppanic_Pavag08G078500_ctg_87225_22431806-22436332	607	603	4	4	0	1	1	425.5	1383.5	0.00235017626321974	0.000722804481387785	0.307553306830502	0.00235386619264555	0.000723153002873863	0.307219248542373
10	11	ppanic_Pavag08G078600_ctg_112215_2733248-2734397	ppanic_Pavag08G078600_ctg_87225_22436469-22437604	249	247	2	2	0	0	1	161	580	0	0.00172413793103448	NA	0	0.00172612274120946	NA
44	45	ppanic_Pavag08G079900_ctg_112215_1164241-1171083	ppanic_Pavag08G079900_ctg_87225_24096636-24103481	493	487	6	6	0	1	2	344.666666666667	1116.33333333333	0.00290135396518375	0.00179157957599283	0.61749776052553	0.00290698038351972	0.00179372282808603	0.617039880370373
31	32	ppanic_Pavag08G080000_ctg_112215_1158506-1159539	ppanic_Pavag08G080000_ctg_87225_24112940-24113973	347	341	6	6	0	3	1	268.666666666667	754.333333333333	0.011166253101737	0.00132567388422448	0.118721461187215	0.0112502109446194	0.00132684687415054	0.117939732924308
45	46	ppanic_Pavag08G080300_ctg_112215_1139238-1140602	ppanic_Pavag08G080300_ctg_87225_24129571-24130934	99	97	2	2	0	1	0	69.8333333333333	221.166666666667	0.0143198090692124	0	NA	0.0144582790694273	0	NA
45	46	ppanic_Pavag08G080400_ctg_112215_1137888-1138523	ppanic_Pavag08G080400_ctg_87225_24131649-24132284	158	153	5	5	0	0	0	92.6666666666667	366.333333333333	0	0	NA	0	0	NA
47	48	ppanic_Pavag08G080700_ctg_112215_1066166-1066736	ppanic_Pavag08G080700_ctg_87225_24243480-24244050	161	157	4	4	0	0	2	97.3333333333333	373.666666666667	0	0.00535236396074933	NA	0	0.00537155384746129	NA
43	44	ppanic_Pavag08G080900_ctg_112215_1022591-1023350	ppanic_Pavag08G080900_ctg_87225_24297617-24298376	54	52	2	2	0	1	0	34	122	0.0294117647058824	0	NA	0.0300040009602743	0	NA
15	16	ppanic_Pavag08G081600_ctg_112215_955302-956206	ppanic_Pavag08G081600_ctg_87225_24392222-24393126	71	69	2	2	0	0	0	47.6666666666667	159.333333333333	0	0	NA	0	0	NA
41	42	ppanic_Pavag08G081800_ctg_112215_949699-951167	ppanic_Pavag08G081800_ctg_87225_24397875-24399347	196	192	4	4	0	1	0	117.666666666667	458.333333333333	0.0084985835694051	0	NA	0.00854710104815219	0	NA
29	30	ppanic_Pavag08G081900_ctg_112215_943778-946793	ppanic_Pavag08G081900_ctg_87225_24402244-24405256	397	392	5	5	0	2	3	298	878	0.00671140939597315	0.00341685649202733	0.509111617312073	0.00674161842632491	0.0034246634846859	0.507988329821983
23	24	ppanic_Pavag08G082100_ctg_112215_461649-462727	ppanic_Pavag08G082100_ctg_87225_20189612-20190690	68	67	1	1	0	0	2	46.5	154.5	0	0.0129449838187702	NA	0	0.0130580012294227	NA
26	27	ppanic_Pavag08G082200_ctg_112215_457713-458241	ppanic_Pavag08G082200_ctg_87225_20185725-20186253	181	179	2	2	0	11	4	134.5	402.5	0.0817843866171004	0.00993788819875776	0.121513269339356	0.0865967329116766	0.0100043167409482	0.11552764642001
42	43	ppanic_Pavag08G083000_ctg_112215_388664-392621	ppanic_Pavag08G083000_ctg_87225_20162517-20166457	138	137	1	1	0	2	0	91.5	319.5	0.0218579234972678	0	NA	0.0221827630077645	0	NA
32	33	ppanic_Pavag08G083400_ctg_87225_19922014-19924550	ppanic_Pavag08G083400_ctg_112215_177004-179518	394	378	16	16	0	5	5	236.166666666667	897.833333333333	0.0211714890613973	0.00556896231668832	0.263040653424912	0.0214760557215192	0.00558974079885164	0.260277812245136
30	31	ppanic_Pavag08G083500_ctg_112215_66105-71349	ppanic_Pavag08G083500_ctg_87225_19881661-19886911	564	560	4	4	0	16.5	8.5	441	1239	0.0374149659863946	0.00686037126715093	0.183359013867488	0.0383804666435312	0.00689194038914012	0.179568957645848
33	34	ppanic_Pavag08G083600_ctg_112215_53087-54871	ppanic_Pavag08G083600_ctg_87225_19865664-19867448	598	595	3	3	0	27	12	458.333333333333	1326.66666666667	0.0589090909090909	0.00904522613065327	0.153545505304299	0.0613513723346495	0.00910021275856965	0.148329408328982
26	27	ppanic_Pavag10G000100_ctg_1_2673750-2676258	ppanic_Pavag10G000100_ctg_147710_449206-452921	260	257	3	3	0	1	1	189.666666666667	581.333333333333	0.00527240773286467	0.00172018348623853	0.326261467889908	0.00529102723491745	0.0017221591952627	0.32548673798115
29	30	ppanic_Pavag10G000200_ctg_1_2724680-2729870	ppanic_Pavag10G000200_ctg_147710_398602-405606	816	806	10	10	0	3	4	528.5	1889.5	0.00567644276253548	0.0021169621593014	0.372938167063597	0.00569803310545535	0.00211995547914633	0.372050397025013
29	30	ppanic_Pavag10G000300_ctg_1_2736195-2737159	ppanic_Pavag10G000300_ctg_147710_390205-391169	351	344	7	7	0	2	1	218.833333333333	813.166666666667	0.00913937547600914	0.00122976019676163	0.134556261529002	0.00919551748976424	0.0012307695069709	0.133844507211356
31	32	ppanic_Pavag10G000500_ctg_1_2792076-2794213	ppanic_Pavag10G000500_ctg_147710_347853-349990	605	601	4	4	0	2	5	433.666666666667	1369.33333333333	0.00461183704842429	0.00365141187925998	0.791747809152873	0.00462607480548583	0.0036603293736814	0.791238691026095
31	32	ppanic_Pavag10G000600_ctg_1_2796815-2797723	ppanic_Pavag10G000600_ctg_147710_344382-345273	209	204	5	5	0	1	0	131.666666666667	480.333333333333	0.00759493670886076	0	NA	0.00763365368681711	0	NA
25	26	ppanic_Pavag10G000800_ctg_1_2897099-2898588	ppanic_Pavag10G000800_ctg_147710_242068-243492	260	246	14	14	0	0	0	154	584	0	0	NA	0	0	NA
29	30	ppanic_Pavag10G001300_ctg_1_2930400-2932552	ppanic_Pavag10G001300_ctg_147710_204818-206990	494	480	14	14	0	6.83333333333333	7.16666666666667	333.666666666667	1106.33333333333	0.0204795204795205	0.0064778547755348	0.316308908795626	0.020764324196692	0.00650599197764729	0.313325486349504
46	47	ppanic_Pavag10G001600_ctg_1_2933793-2935377	ppanic_Pavag10G001600_ctg_147710_202012-203596	176	169	7	7	0	1	0	119.333333333333	387.666666666667	0.00837988826815642	0	NA	0.00842705495019438	0	NA
32	33	ppanic_Pavag10G002000_ctg_1_2963589-2966546	ppanic_Pavag10G002000_ctg_147710_176915-179875	333	325	8	8	0	0	3	230	745	0	0.00402684563758389	NA	0	0.00403769481260448	NA
28	29	ppanic_Pavag10G002200_ctg_1_2989917-2995697	ppanic_Pavag10G002200_ctg_147710_141491-147271	639	636	3	3	0	4	2	410	1498	0.00975609756097561	0.00133511348464619	0.136849132176235	0.00982010756026474	0.00133630324884063	0.136078270084101
31	32	ppanic_Pavag10G002600_ctg_1_3013474-3015440	ppanic_Pavag10G002600_ctg_147710_121303-123599	348	343	5	5	0	4	0	213.666666666667	815.333333333333	0.0187207488299532	0	NA	0.0189583553882014	0	NA
36	37	ppanic_Pavag10G002700_ctg_1_3020866-3025079	ppanic_Pavag10G002700_ctg_147710_111781-115974	590	589	1	1	0	0	0	393.666666666667	1373.33333333333	0	0	NA	0	0	NA
32	33	ppanic_Pavag10G003100_ctg_1_3101270-3108628	ppanic_Pavag10G003100_ctg_147710_39333-47612	1001	999	2	2	0	10	3	652.166666666667	2344.83333333333	0.0153335037055967	0.00127940862890042	0.0834387660814557	0.015492417622393	0.00128050112915186	0.082653408936059
27	28	ppanic_Pavag10G003200_ctg_147710_37292-37579	ppanic_Pavag10G003200_ctg_1_3110541-3110838	126	125	1	1	0	1	0	71.6666666666667	303.333333333333	0.013953488372093	0	NA	0.0140849209886972	0	NA
15	16	ppanic_Pavag10G003500_ctg_147710_19424-24509	ppanic_Pavag10G003500_ctg_1_3123496-3128585	733	726	7	7	0	7	10	490.666666666667	1687.33333333333	0.0142663043478261	0.00592651126037139	0.415420217869842	0.0144037348770375	0.00595005104065425	0.413090847023284
30	31	ppanic_Pavag10G003600_ctg_1_3133901-3142231	ppanic_Pavag10G003600_ctg_147710_5639-14022	1768	1744	24	24	0	6	8	1151.83333333333	4080.16666666667	0.00520908696281291	0.00196070421959887	0.376400746156884	0.00522726088706973	0.00196327160249155	0.375583244247086
23	24	ppanic_Pavag10G176700_ctg_1_54935321-54937678	ppanic_Pavag10G176700_ctg_177517_1826209-1828722	353	350	3	3	0	17	10	233	817	0.0729613733905579	0.0122399020807834	0.167758657930737	0.0767586597694479	0.0123408790102061	0.160775071467808
22	23	ppanic_Pavag10G176900_ctg_1_55027678-55031362	ppanic_Pavag10G176900_ctg_177517_1736016-1739685	1079	1073	6	6	0	14	6	825.5	2393.5	0.0169594185342217	0.00250678922080635	0.147811035841117	0.0171541069864075	0.00251098790730152	0.146378235211612
22	23	ppanic_Pavag10G177100_ctg_1_55066689-55069811	ppanic_Pavag10G177100_ctg_177517_1688229-1691313	320	319	1	1	0	9	5	217.666666666667	739.333333333333	0.0413476263399694	0.00676284941388638	0.163560765454363	0.0425310790282825	0.00679352471005928	0.159730833669696
25	26	ppanic_Pavag10G177200_ctg_1_55070683-55071752	ppanic_Pavag10G177200_ctg_177517_1686291-1687360	309	307	2	2	0	3	0	213	708	0.0140845070422535	0	NA	0.0142184353084606	0	NA
21	22	ppanic_Pavag10G177300_ctg_1_55097548-55099101	ppanic_Pavag10G177300_ctg_177517_1660075-1661631	485	479	6	6	0	1	4	327	1110	0.00305810397553517	0.0036036036036036	1.17837837837838	0.00306435564193522	0.00361228874098599	1.17880858590706
22	23	ppanic_Pavag10G178500_ctg_1_55235747-55237164	ppanic_Pavag10G178500_ctg_177517_1509936-1511353	172	170	2	2	0	0	1	107.833333333333	402.166666666667	0	0.00248653128885205	NA	0	0.00249066231387759	NA
21	22	ppanic_Pavag10G179000_ctg_1_55253888-55254367	ppanic_Pavag10G179000_ctg_177517_1482903-1483382	179	177	2	2	0	6	1	122	409	0.0491803278688525	0.00244498777506112	0.0497147514262429	0.0508669472540708	0.00244898176780432	0.0481448543702086
6	7	ppanic_Pavag10G179200_ctg_1_55272488-55273988	ppanic_Pavag10G179200_ctg_177517_1463423-1464932	467	466	1	1	0	13	10	362.833333333333	1035.16666666667	0.0358291226458429	0.00966028014812429	0.269620895929059	0.0367132115990759	0.00972303359746127	0.264837456979819
17	18	ppanic_Pavag10G179400_ctg_1_55274753-55278302	ppanic_Pavag10G179400_ctg_177517_1458389-1461771	363	362	1	1	0	3	1	247.666666666667	838.333333333333	0.0121130551816958	0.00119284294234592	0.0984758117958913	0.0122119387259855	0.00119379253219093	0.0977561842535845
13	14	ppanic_Pavag10G179500_ctg_1_55288497-55300896	ppanic_Pavag10G179500_ctg_177517_1449767-1451026	475	471	4	4	0	2	9	316.833333333333	1096.16666666667	0.00631246712256707	0.00821043028736506	1.30066899802341	0.00633918195473856	0.00825570176605903	1.30232920036123
27	28	ppanic_Pavag10G180000_ctg_1_55341832-55343025	ppanic_Pavag10G180000_ctg_177517_1364203-1365393	379	377	2	2	0	15	10	291.666666666667	839.333333333333	0.0514285714285714	0.0119142176330421	0.231665342864707	0.0532768298375638	0.0120098643114035	0.225423778930174
27	28	ppanic_Pavag10G180200_ctg_1_55359535-55361735	ppanic_Pavag10G180200_ctg_177517_1346413-1348914	453	447	6	6	0	24.5	5.5	342.833333333333	998.166666666667	0.0714632960622265	0.0055101018533979	0.077103942261493	0.0751009747580298	0.00553044235468518	0.0736400875288754
19	20	ppanic_Pavag10G180400_ctg_1_55445393-55446848	ppanic_Pavag10G180400_ctg_177517_1237795-1239307	438	434	4	4	0	19	7	333.166666666667	968.833333333333	0.0570285142571286	0.00722518493032857	0.126694251541463	0.0593132657258701	0.00726021226915574	0.122404527558986
35	36	ppanic_Pavag10G180600_ctg_1_55492802-55495965	ppanic_Pavag10G180600_ctg_177517_1208342-1211502	423	420	3	3	0	0	2	288	972	0	0.00205761316872428	NA	0	0.00206044085635411	NA
29	30	ppanic_Pavag10G180800_ctg_1_55520851-55521664	ppanic_Pavag10G180800_ctg_177517_1173845-1174658	186	181	5	5	0	4	0	132.666666666667	410.333333333333	0.0301507537688442	0	NA	0.0307735475083969	0	NA
26	27	ppanic_Pavag10G180900_ctg_1_55543501-55546588	ppanic_Pavag10G180900_ctg_177517_1151416-1154503	359	357	2	2	0	1	0	246.666666666667	824.333333333333	0.00405405405405405	0	NA	0.00406505060200436	0	NA
29	30	ppanic_Pavag10G181200_ctg_1_55632161-55633746	ppanic_Pavag10G181200_ctg_177517_1045233-1046818	528	526	2	2	0	1	1	348.666666666667	1229.33333333333	0.00286806883365201	0.000813449023861171	0.283622559652928	0.00287356673366696	0.000813890475965223	0.283233539151748
32	33	ppanic_Pavag10G181600_ctg_1_55705910-55707458	ppanic_Pavag10G181600_ctg_177517_942953-944501	520	519	1	1	0	1	0	370	1187	0.0027027027027027	0	NA	0.00270758416807476	0	NA
27	28	ppanic_Pavag10G181900_ctg_1_56011406-56013592	ppanic_Pavag10G181900_ctg_177517_663267-665391	556	548	8	8	0	10	3	388	1256	0.0257731958762887	0.00238853503184713	0.0926751592356688	0.0262264483783101	0.00239234652607511	0.0912188524944782
37	38	ppanic_Pavag10G182000_ctg_1_56040454-56041818	ppanic_Pavag10G182000_ctg_177517_634044-635406	371	367	4	4	0	1	0	240.333333333333	860.666666666667	0.00416088765603329	0	NA	0.00417247251399654	0	NA
26	27	ppanic_Pavag10G182100_ctg_1_56047619-56047847	ppanic_Pavag10G182100_ctg_177517_627887-628127	107	104	3	3	0	0	0	63.3333333333333	248.666666666667	0	0	NA	0	0	NA
32	33	ppanic_Pavag10G182300_ctg_1_56058499-56060148	ppanic_Pavag10G182300_ctg_177517_603933-605577	335	329	6	6	0	5	6	230.5	756.5	0.0216919739696312	0.00793126239259749	0.365631196298744	0.0220118513561405	0.00797349702654563	0.362236546919137
36	37	ppanic_Pavag10G182400_ctg_1_56062349-56062768	ppanic_Pavag10G182400_ctg_177517_601335-601754	144	138	6	6	0	3	2	94.8333333333333	319.166666666667	0.031634446397188	0.00626631853785901	0.198085291557876	0.0323209795973152	0.00629264310184533	0.194692214785719
24	25	ppanic_Pavag10G182600_ctg_1_56069684-56070253	ppanic_Pavag10G182600_ctg_177517_594859-595398	274	262	12	12	0	0	3	128.166666666667	657.833333333333	0	0.00456042563972637	NA	0	0.0045743470899709	NA
26	27	ppanic_Pavag10G182700_ctg_1_56070630-56073228	ppanic_Pavag10G182700_ctg_177517_591910-594483	173	167	6	6	0	1	0	124	377	0.00806451612903226	0	NA	0.00810818707816171	0	NA
27	28	ppanic_Pavag10G182800_ctg_1_56074155-56077433	ppanic_Pavag10G182800_ctg_177517_587721-591002	851	840	11	11	0	2.5	7.5	631	1889	0.00396196513470681	0.00397035468501853	1.00211752249868	0.00397246691412785	0.0039809010660332	1.00212315220936
28	29	ppanic_Pavag10G183000_ctg_1_56139269-56144031	ppanic_Pavag10G183000_ctg_177517_487257-492031	488	484	4	4	0	10	1	351.333333333333	1100.66666666667	0.0284629981024668	0.000908540278619019	0.0319200484554815	0.0290171587126344	0.000909091020396841	0.0313294292318501
35	36	ppanic_Pavag10G183300_ctg_1_56380732-56384311	ppanic_Pavag10G183300_ctg_177517_175399-178979	437	435	2	2	0	1	0	319.333333333333	985.666666666667	0.00313152400835073	0	NA	0.00313807989193049	0	NA
10	11	ppanic_Pavag10G183400_ctg_1_56433686-56434736	ppanic_Pavag10G183400_ctg_177517_134239-135292	350	349	1	1	0	7.5	4.5	276	771	0.0271739130434783	0.00583657587548638	0.214785992217899	0.0276784177015882	0.00585940480259522	0.211695800886009
19	20	ppanic_Pavag10G183500_ctg_177517_132235-133595	ppanic_Pavag10G183500_ctg_1_56435356-56436708	346	340	6	6	0	12	3	245.166666666667	774.833333333333	0.0489462950373895	0.00387180038718004	0.0791030329103033	0.0506165328755744	0.00388182880804439	0.0766909266106135
33	34	ppanic_Pavag10G183600_ctg_1_56437712-56441320	ppanic_Pavag10G183600_ctg_177517_127621-131231	276	273	3	3	0	1	1	192.666666666667	626.333333333333	0.00519031141868512	0.00159659393294305	0.307610431080362	0.00520835426460829	0.00159829575671563	0.306871552032538
