16	17	smicro_Pavag01G263300_ctg_198675_23139346-23140803	smicro_Pavag01G263300_ctg_329072_476265-477722	381	378	3	3	0	0	1	249	885	0	0.00112994350282486	NA	0	0.00113079554026028	NA
9	10	smicro_Pavag01G263400_ctg_198675_23142040-23143040	smicro_Pavag01G263400_ctg_329072_474028-475028	335	331	4	4	0	0	0	224.333333333333	768.666666666667	0	0	NA	0	0	NA
1	2	smicro_Pavag01G263600_ctg_198675_23147222-23148667	smicro_Pavag01G263600_ctg_329072_468401-469846	488	480	8	8	0	0	0	321.333333333333	1118.66666666667	0	0	NA	0	0	NA
19	20	smicro_Pavag01G294600_ctg_140879_65690476-65697547	smicro_Pavag01G294600_ctg_88456_61871817-61879027	1191	1185	6	6	0	73.6666666666667	280.333333333333	763.833333333333	2791.16666666667	0.0964433777001964	0.100435898966979	1.04139756779562	0.103233024403001	0.107828761798528	1.0445180931403
19	20	smicro_Pavag01G294700_ctg_140879_65700214-65701038	smicro_Pavag01G294700_ctg_88456_61880067-61880857	268	263	5	5	0	38.8333333333333	24.1666666666667	207.166666666667	581.833333333333	0.18744971842317	0.0415353766828989	0.221581430115207	0.215694515232646	0.0427298103374423	0.198103369904211
20	21	smicro_Pavag01G294900_ctg_140879_65710346-65712426	smicro_Pavag01G294900_ctg_88456_61933258-61934954	335	328	7	7	0	45	47	198.833333333333	785.166666666667	0.226320201173512	0.0598599023561876	0.264492087077525	0.269394584948305	0.0623839421140491	0.231570883750392
49	50	smicro_Pavag04G085200_ctg_113938_21883541-21887373	smicro_Pavag04G085200_ctg_25653_25421691-25425515	519	518	1	1	0	6	6	340.833333333333	1213.16666666667	0.0176039119804401	0.00494573430416266	0.280945184778129	0.0178138012958151	0.00496211320747953	0.278554426709882
19	20	smicro_Pavag04G085700_ctg_113938_21839768-21842362	smicro_Pavag04G085700_ctg_25653_25397796-25400288	731	720	11	11	0	10	17	539.833333333333	1620.16666666667	0.0185242358752701	0.0104927476597058	0.566433494496451	0.0187568387769331	0.0105668380059931	0.563359216958673
18	19	smicro_Pavag05G000600_ctg_198675_22837492-22840332	smicro_Pavag05G000600_ctg_288774_233540-236305	355	347	8	8	0	5.5	9.5	217	824	0.0253456221198157	0.0115291262135922	0.454876434245366	0.0257837891310965	0.0116186587725816	0.450618747830549
16	17	smicro_Pavag05G000700_ctg_198675_22834607-22836718	smicro_Pavag05G000700_ctg_288774_237122-238836	292	289	3	3	0	14	14	141.666666666667	725.333333333333	0.0988235294117647	0.0193014705882353	0.1953125	0.105969393662917	0.0195541802323313	0.184526678472202
32	33	smicro_Pavag05G000900_ctg_198675_22805653-22808647	smicro_Pavag05G000900_ctg_288774_332351-336242	723	717	6	6	0	63.5	133.5	493.333333333333	1657.66666666667	0.128716216216216	0.0805348883973457	0.625677873113237	0.141213937696503	0.0851956154105275	0.603308829144258
22	23	smicro_Pavag05G001000_ctg_198675_22795687-22796407	smicro_Pavag05G001000_ctg_288774_340097-340902	217	203	14	14	0	24	21	115	494	0.208695652173913	0.0425101214574899	0.203694331983806	0.244568640424989	0.0437624122967075	0.178937136914451
53	54	smicro_Pavag05G001300_ctg_198675_22783499-22787134	smicro_Pavag05G001300_ctg_288774_371097-374498	257	253	4	4	0	20	12	166.166666666667	592.833333333333	0.120361083249749	0.0202417767781839	0.168175428732078	0.131195024604272	0.0205199462348332	0.156407960566555
32	33	smicro_Pavag05G002200_ctg_288774_595594-596771	smicro_Pavag05G002200_ctg_198675_22732586-22733720	423	413	10	10	0	38	29	271.833333333333	967.166666666667	0.13979153893317	0.0299844907806307	0.214494317821091	0.154704426216605	0.0306003406273446	0.197798740318525
28	29	smicro_Pavag05G002400_ctg_288774_604067-615594	smicro_Pavag05G002400_ctg_198675_22714255-22723258	833	823	10	10	0	44.8333333333333	120.166666666667	484.333333333333	1984.66666666667	0.0925671025464556	0.0605475310715485	0.654093402579629	0.0987978785936195	0.0631315854280591	0.638997378554404
28	29	smicro_Pavag05G002500_ctg_198675_22705452-22706252	smicro_Pavag05G002500_ctg_288774_626945-627742	300	294	6	6	0	26.5	22.5	207.5	674.5	0.127710843373494	0.033358042994811	0.261199770619746	0.140001254834377	0.0341226399514264	0.243730957924583
27	28	smicro_Pavag05G002600_ctg_288774_627944-633160	smicro_Pavag05G002600_ctg_198675_22702232-22705250	801	794	7	7	0	60.5	78.5	536.166666666667	1845.83333333333	0.112838047870687	0.0425282167042889	0.376896069249855	0.122287005983219	0.0437815950568713	0.358023280600061
47	48	smicro_Pavag05G002900_ctg_198675_22674009-22678258	smicro_Pavag05G002900_ctg_288774_804205-806114	288	285	3	3	0	35	18	161	694	0.217391304347826	0.0259365994236311	0.119308357348703	0.256714654864975	0.0263956860913446	0.102821111265456
40	41	smicro_Pavag05G004000_ctg_198675_22438475-22440072	smicro_Pavag05G004000_ctg_288774_1176641-1178153	372	346	26	26	0	42	66	220.5	817.5	0.19047619047619	0.0807339449541284	0.423853211009174	0.219740343511106	0.0854186511064261	0.388725391712647
43	44	smicro_Pavag05G004100_ctg_198675_22426962-22431947	smicro_Pavag05G004100_ctg_288774_1195021-1197854	527	518	9	9	0	55	58	386.666666666667	1167.33333333333	0.142241379310345	0.0496858937749857	0.349306889569597	0.157721556627271	0.0514081867158735	0.325942679080717
51	52	smicro_Pavag05G004700_ctg_198675_22391234-22393162	smicro_Pavag05G004700_ctg_288774_1214878-1217029	260	254	6	6	0	8.5	39.5	170.5	591.5	0.0498533724340176	0.0667793744716822	1.33951568793198	0.0515875691031721	0.0699415311907976	1.35578265087309
25	26	smicro_Pavag05G004900_ctg_198675_22341465-22342228	smicro_Pavag05G004900_ctg_288774_1265765-1266502	205	193	12	12	0	15	18	124	455	0.120967741935484	0.0395604395604396	0.327032967032967	0.131917999847748	0.040641996635402	0.308085300583003
32	33	smicro_Pavag05G005500_ctg_288774_2077314-2081287	smicro_Pavag05G005500_ctg_198675_22031269-22034489	588	585	3	3	0	42.6666666666667	55.3333333333333	403	1352	0.105872622001654	0.0409270216962525	0.386568509615385	0.114132531046012	0.0420860654837257	0.368747324693597
32	33	smicro_Pavag05G005800_ctg_198675_22018129-22020609	smicro_Pavag05G005800_ctg_288774_2089635-2098257	116	113	3	3	0	44	111	71.3333333333333	267.666666666667	0.616822429906542	0.414694894146949	0.672308388995811	1.2962923914716	0.603774244093862	0.46577010562288
32	33	smicro_Pavag05G007600_ctg_243744_61569741-61570534	smicro_Pavag05G007600_ctg_288774_3026627-3028511	293	284	9	9	0	21	21	196.166666666667	655.833333333333	0.107051826677995	0.0320203303684879	0.299110546378653	0.115506815180001	0.0327239648695969	0.283307654345774
51	52	smicro_Pavag05G007700_ctg_243744_61692172-61695561	smicro_Pavag05G007700_ctg_288774_3124713-3128122	683	679	4	4	0	69	43	487.666666666667	1549.33333333333	0.14149008885851	0.0277538726333907	0.196154181945172	0.156795004807842	0.0282804218249485	0.180365578990269
40	41	smicro_Pavag05G007800_ctg_243744_61697569-61700436	smicro_Pavag05G007800_ctg_288774_3129160-3132110	472	462	10	10	0	29.1666666666667	47.8333333333333	314.666666666667	1071.33333333333	0.0926906779661017	0.0446484131922838	0.481692594897324	0.0989388667867934	0.046032617503611	0.465263237781045
29	30	smicro_Pavag05G009500_ctg_288774_3177021-3178574	smicro_Pavag05G009500_ctg_243744_61856198-61857693	316	313	3	3	0	12.5	59.5	141.333333333333	797.666666666667	0.0884433962264151	0.0745925616381111	0.84339323025491	0.0941082433630694	0.0785678140278939	0.834866439115003
42	43	smicro_Pavag05G033400_ctg_243744_63516114-63518432	smicro_Pavag05G033400_ctg_288774_11012090-11014444	541	534	7	7	0	87.5	61.5	358.166666666667	1243.83333333333	0.244299674267101	0.0494439233552191	0.202390459600697	0.295596715741371	0.0511490937337416	0.173036745707601
36	37	smicro_Pavag05G033800_ctg_243744_63513353-63514984	smicro_Pavag05G033800_ctg_288774_11039706-11044191	480	479	1	1	0	33	16	135.5	1301.5	0.243542435424354	0.0122935074913561	0.0504778868205683	0.29447450102871	0.0123953757479948	0.0420932057094693
41	42	smicro_Pavag05G037800_ctg_243744_62802940-62808926	smicro_Pavag05G037800_ctg_288774_11568826-11574605	1040	1033	7	7	0	221.333333333333	140.666666666667	705.333333333333	2393.66666666667	0.313799621928166	0.0587661885531263	0.187272974365083	0.406478614517668	0.0611963049098065	0.150552335901909
36	37	smicro_Pavag05G038700_ctg_243744_62718605-62718953	smicro_Pavag05G038700_ctg_288774_11697907-11698236	189	186	3	3	0	32	34	78.1666666666667	479.833333333333	0.409381663113006	0.0708579367836054	0.173085272664119	0.591982952052641	0.0744321575090056	0.125733616569396
52	53	smicro_Pavag05G039500_ctg_243744_62662596-62667786	smicro_Pavag05G039500_ctg_288774_12369231-12373898	631	629	2	2	0	122.5	48.5	394.833333333333	1492.16666666667	0.310257492612917	0.032503071596113	0.104761600831553	0.400412896053331	0.0332284049069518	0.0829853514571271
29	30	smicro_Pavag05G043600_ctg_243744_62483849-62484070	smicro_Pavag05G043600_ctg_288774_13126247-13126468	74	72	2	2	0	5	0	45.8333333333333	170.166666666667	0.109090909090909	0	NA	0.117889187641809	0	NA
13	14	smicro_Pavag07G005000_ctg_113938_5521010-5522605	smicro_Pavag07G005000_ctg_88456_70011726-70013634	535	529	6	6	0	153.666666666667	102.333333333333	329.666666666667	1257.33333333333	0.466127401415571	0.081389183457052	0.174607163642135	0.728660749164284	0.0861532910825267	0.118235119953061
49	50	smicro_Pavag08G146200_ctg_243744_119408920-119415059	smicro_Pavag08G146200_ctg_88456_62492787-62498871	853	849	4	4	0	145	58	573	1974	0.253054101221641	0.0293819655521783	0.116109422492401	0.30869403145175	0.02997298615587	0.0970960987321675
48	49	smicro_Pavag08G146300_ctg_243744_119485209-119487508	smicro_Pavag08G146300_ctg_88456_62161206-62164480	215	213	2	2	0	28.5	27.5	137.333333333333	501.666666666667	0.20752427184466	0.0548172757475083	0.264148743952905	0.242947397133092	0.0569238621956326	0.234305297637943
12	13	smicro_Pavag10G152300_ctg_335964_22251-22485	smicro_Pavag10G152300_ctg_336574_33879-34113	78	77	1	1	0	0	0	51	180	0	0	NA	0	0	NA
4	5	smicro_Pavag10G152400_ctg_333783_11521-11634	smicro_Pavag10G152400_ctg_336574_33012-33125	38	37	1	1	0	0	0	27	84	0	0	NA	0	0	NA
12	13	smicro_Pavag10G152500_ctg_333783_11240-11353	smicro_Pavag10G152500_ctg_336574_32731-32844	38	37	1	1	0	0	0	26.6666666666667	84.3333333333333	0	0	NA	0	0	NA
32	33	smicro_Pavag10G176100_ctg_243744_57363292-57365342	smicro_Pavag10G176100_ctg_198675_6465941-6467500	693	689	4	4	0	104.5	56.5	363.833333333333	1703.16666666667	0.287219422812643	0.0331735003424993	0.115498805817665	0.362115135104685	0.033929532123549	0.0936981883227284
